------------
Kapucijnenvoer
------------
Mapping style: manual
Real-time: True
------------
Total distance extracted: 4.73 km
Total distance reference: 4.74 km
------------
Segment count: 25
Point count: 128
Given point count: 128
Extension count: 128
Correction count: 0
Removal count: 0
Click count: 128
Extraction count: 0
Extraction time: 0
Total time spend: 230.55
------------
Completeness: 96.84 %
Correctness: 96.86 %
Quality: 93.89 %
Redundancy: -0.14 %
Mean distance: 1.36 m
RMSE: 1.64 m
------------
Segment 1
Points: [(7, 84), (110, 105), (210, 125)]
Given points: [(7, 84), (110, 105), (210, 125)]
------------
Segment 2
Points: [(235, 3), (232, 61), (229, 109), (222, 137), (213, 182), (186, 214), (148, 258), (93, 310), (70, 329), (32, 347), (5, 361)]
Given points: [(235, 3), (232, 61), (229, 109), (222, 137), (213, 182), (186, 214), (148, 258), (93, 310), (70, 329), (32, 347), (5, 361)]
------------
Segment 3
Points: [(211, 188), (204, 243), (199, 321), (193, 388), (190, 455), (186, 521), (186, 594), (187, 644), (183, 719), (175, 770), (180, 831), (180, 870)]
Given points: [(211, 188), (204, 243), (199, 321), (193, 388), (190, 455), (186, 521), (186, 594), (187, 644), (183, 719), (175, 770), (180, 831), (180, 870)]
------------
Segment 4
Points: [(3, 612), (73, 625), (148, 640), (255, 660), (356, 682), (402, 690), (470, 704), (525, 721), (596, 748), (685, 761), (727, 769), (730, 813), (713, 870)]
Given points: [(3, 612), (73, 625), (148, 640), (255, 660), (356, 682), (402, 690), (470, 704), (525, 721), (596, 748), (685, 761), (727, 769), (730, 813), (713, 870)]
------------
Segment 5
Points: [(735, 818), (798, 826), (869, 829)]
Given points: [(735, 818), (798, 826), (869, 829)]
------------
Segment 6
Points: [(869, 660), (825, 685), (788, 711), (762, 743), (748, 763)]
Given points: [(869, 660), (825, 685), (788, 711), (762, 743), (748, 763)]
------------
Segment 7
Points: [(625, 0), (572, 77), (541, 126), (512, 177), (485, 248), (459, 309), (439, 373), (387, 433), (378, 448), (371, 523), (369, 585), (365, 647), (364, 684), (388, 756), (408, 816), (422, 869)]
Given points: [(625, 0), (572, 77), (541, 126), (512, 177), (485, 248), (459, 309), (439, 373), (387, 433), (378, 448), (371, 523), (369, 585), (365, 647), (364, 684), (388, 756), (408, 816), (422, 869)]
------------
Segment 8
Points: [(438, 379), (529, 406), (608, 423), (677, 434), (761, 413), (813, 404), (871, 400)]
Given points: [(438, 379), (529, 406), (608, 423), (677, 434), (761, 413), (813, 404), (871, 400)]
------------
Segment 9
Points: [(870, 186), (828, 182), (815, 255), (808, 290), (810, 338), (816, 390), (817, 400)]
Given points: [(870, 186), (828, 182), (815, 255), (808, 290), (810, 338), (816, 390), (817, 400)]
------------
Segment 10
Points: [(510, 0), (489, 45), (478, 79), (462, 138), (457, 175)]
Given points: [(510, 0), (489, 45), (478, 79), (462, 138), (457, 175)]
------------
Segment 11
Points: [(226, 120), (284, 134), (347, 151), (388, 161), (457, 175), (504, 192)]
Given points: [(226, 120), (284, 134), (347, 151), (388, 161), (457, 175), (504, 192)]
------------
Segment 12
Points: [(339, 29), (422, 53), (478, 70)]
Given points: [(339, 29), (422, 53), (478, 70)]
------------
Segment 13
Points: [(339, 29), (327, 78), (310, 139)]
Given points: [(339, 29), (327, 78), (310, 139)]
------------
Segment 14
Points: [(210, 125), (226, 120)]
Given points: [(210, 125), (226, 120)]
------------
Segment 15
Points: [(188, 63), (228, 67)]
Given points: [(188, 63), (228, 67)]
------------
Segment 16
Points: [(92, 2), (75, 94)]
Given points: [(92, 2), (75, 94)]
------------
Segment 17
Points: [(110, 105), (108, 124), (101, 138), (99, 159)]
Given points: [(110, 105), (108, 124), (101, 138), (99, 159)]
------------
Segment 18
Points: [(57, 98), (3, 162)]
Given points: [(57, 98), (3, 162)]
------------
Segment 19
Points: [(448, 4), (418, 50)]
Given points: [(448, 4), (418, 50)]
------------
Segment 20
Points: [(209, 533), (286, 543), (368, 553)]
Given points: [(209, 533), (286, 543), (368, 553)]
------------
Segment 21
Points: [(0, 520), (63, 535), (122, 544), (159, 554)]
Given points: [(0, 520), (63, 535), (122, 544), (159, 554)]
------------
Segment 22
Points: [(177, 787), (247, 798), (312, 804), (371, 815), (408, 816)]
Given points: [(177, 787), (247, 798), (312, 804), (371, 815), (408, 816)]
------------
Segment 23
Points: [(601, 751), (585, 800), (577, 837), (577, 869)]
Given points: [(601, 751), (585, 800), (577, 837), (577, 869)]
------------
Segment 24
Points: [(806, 304), (838, 310), (849, 308), (871, 297)]
Given points: [(806, 304), (838, 310), (849, 308), (871, 297)]
------------
Segment 25
Points: []
Given points: []
------------
