------------
Herpendaalstraat
------------
Mapping style: manual
Real-time: True
------------
Total distance extracted: 3.47 km
Total distance reference: 3.47 km
------------
Segment count: 7
Point count: 48
Given point count: 48
Extension count: 49
Correction count: 0
Removal count: 0
Click count: 49
Extraction count: 0
Extraction time: 0
Total time spend: 172.45
------------
Completeness: 90.6 %
Correctness: 90.65 %
Quality: 82.85 %
Redundancy: -0.11 %
Mean distance: 1.42 m
RMSE: 1.65 m
------------
Segment 1
Points: [(435, 3), (621, 296), (685, 373), (981, 684)]
Given points: [(435, 3), (621, 296), (685, 373), (981, 684)]
------------
Segment 2
Points: [(983, 902), (267, 856)]
Given points: [(983, 902), (267, 856)]
------------
Segment 3
Points: [(269, 778), (272, 805), (261, 859), (241, 900), (211, 945), (178, 960), (139, 960), (96, 945), (70, 942), (5, 945)]
Given points: [(269, 778), (272, 805), (261, 859), (241, 900), (211, 945), (178, 960), (139, 960), (96, 945), (70, 942), (5, 945)]
------------
Segment 4
Points: [(67, 935), (50, 914), (48, 890), (59, 861), (99, 791), (108, 739), (105, 593), (3, 414)]
Given points: [(67, 935), (50, 914), (48, 890), (59, 861), (99, 791), (108, 739), (105, 593), (3, 414)]
------------
Segment 5
Points: [(112, 596), (214, 647), (221, 690), (244, 730), (266, 770)]
Given points: [(112, 596), (214, 647), (221, 690), (244, 730), (266, 770)]
------------
Segment 6
Points: [(214, 647), (267, 467), (291, 419), (360, 368), (398, 308), (421, 198), (415, 111), (415, 81), (421, 47), (435, 3)]
Given points: [(214, 647), (267, 467), (291, 419), (360, 368), (398, 308), (421, 198), (415, 111), (415, 81), (421, 47), (435, 3)]
------------
Segment 7
Points: [(438, 978), (466, 870), (460, 850), (482, 685), (495, 597), (519, 502), (522, 450), (493, 186), (499, 109)]
Given points: [(438, 978), (466, 870), (460, 850), (482, 685), (495, 597), (519, 502), (522, 450), (493, 186), (499, 109)]
------------
