------------
Kapucijnenvoer
------------
Mapping style: semi-automatic
Real-time: True
------------
Total distance extracted: 4.7 km
Total distance reference: 4.74 km
------------
Segment count: 26
Point count: 105
Given point count: 97
Extension count: 95
Correction count: 4
Removal count: 1
Click count: 100
Extraction count: 283
Extraction time: 77.28
Total time spend: 323.22
------------
Completeness: 96.92 %
Correctness: 97.08 %
Quality: 94.16 %
Redundancy: -0.72 %
Mean distance: 1.16 m
RMSE: 1.42 m
------------
Segment 1
Points: [(4, 86), (106, 104), (220, 122)]
Given points: [(4, 86), (106, 104), (220, 122)]
------------
Segment 2
Points: [(244, 0), (236, 8), (231, 22), (222, 115), (211, 191), (155, 247), (118, 283), (76, 322), (2, 360)]
Given points: [(244, 0), (231, 22), (222, 115), (211, 191), (155, 247), (118, 283), (76, 322), (2, 360)]
------------
Segment 3
Points: [(205, 197), (204, 223), (200, 317), (190, 430), (186, 515), (188, 641), (180, 729), (175, 817), (179, 869)]
Given points: [(205, 197), (204, 223), (200, 317), (190, 430), (186, 515), (188, 641), (180, 729), (175, 817), (179, 869)]
------------
Segment 4
Points: [(0, 610), (188, 641), (275, 663), (366, 679), (471, 704), (549, 726), (607, 742), (643, 753), (699, 760), (725, 764)]
Given points: [(0, 610), (188, 641), (275, 663), (366, 679), (471, 704), (549, 726), (607, 742), (699, 760), (725, 764)]
------------
Segment 5
Points: [(730, 765), (729, 816), (713, 868)]
Given points: [(730, 765), (729, 816), (713, 868)]
------------
Segment 6
Points: [(737, 819), (871, 826)]
Given points: [(737, 819), (871, 826)]
------------
Segment 7
Points: [(867, 654), (792, 701), (776, 726), (755, 750), (749, 759)]
Given points: [(867, 654), (792, 701), (755, 750), (749, 759)]
------------
Segment 8
Points: [(620, 3), (559, 98), (513, 175), (488, 238), (460, 310), (432, 380), (394, 421), (379, 444)]
Given points: [(620, 3), (559, 98), (513, 175), (488, 238), (460, 310), (432, 380), (394, 421), (379, 444)]
------------
Segment 9
Points: [(379, 449), (371, 541), (372, 550)]
Given points: [(379, 449), (371, 541), (372, 550)]
------------
Segment 10
Points: [(372, 550), (366, 679), (424, 870)]
Given points: [(372, 550), (366, 679), (424, 870)]
------------
Segment 11
Points: [(204, 529), (256, 543), (372, 550), (372, 550)]
Given points: [(204, 529), (372, 550), (372, 550)]
------------
Segment 12
Points: [(228, 116), (388, 159), (435, 172), (505, 195)]
Given points: [(228, 116), (388, 159), (435, 172), (505, 195)]
------------
Segment 13
Points: [(449, 175), (480, 64), (512, 2)]
Given points: [(449, 175), (480, 64), (512, 2)]
------------
Segment 14
Points: [(475, 64), (339, 30), (310, 136)]
Given points: [(475, 64), (339, 30), (310, 136)]
------------
Segment 15
Points: [(2, 522), (155, 550)]
Given points: [(2, 522), (155, 550)]
------------
Segment 16
Points: [(179, 785), (406, 818)]
Given points: [(179, 785), (406, 818)]
------------
Segment 17
Points: [(603, 745), (584, 802), (577, 838), (575, 869)]
Given points: [(603, 745), (584, 802), (577, 838), (575, 869)]
------------
Segment 18
Points: [(437, 375), (527, 408), (567, 416), (598, 418), (678, 430), (791, 405), (869, 400)]
Given points: [(437, 375), (598, 418), (678, 430), (791, 405), (869, 400)]
------------
Segment 19
Points: [(871, 183), (828, 179), (815, 244), (809, 297), (817, 400)]
Given points: [(871, 183), (828, 179), (815, 244), (809, 297), (817, 400)]
------------
Segment 20
Points: [(810, 306), (832, 310), (856, 302), (870, 297)]
Given points: [(810, 306), (856, 302), (870, 297)]
------------
Segment 21
Points: [(444, 3), (422, 44)]
Given points: [(444, 3), (422, 44)]
------------
Segment 22
Points: [(186, 63), (224, 64)]
Given points: [(186, 63), (224, 64)]
------------
Segment 23
Points: [(94, 2), (75, 93)]
Given points: [(94, 2), (75, 93)]
------------
Segment 24
Points: [(113, 109), (101, 132), (98, 159)]
Given points: [(113, 109), (98, 159)]
------------
Segment 25
Points: [(53, 95), (25, 139), (6, 159)]
Given points: [(53, 95), (25, 139), (6, 159)]
------------
Segment 26
Points: []
Given points: []
------------
