------------
Tildonksesteenweg
------------
Mapping style: manual
Real-time: True
------------
Total distance extracted: 4.35 km
Total distance reference: 4.33 km
------------
Segment count: 17
Point count: 92
Given point count: 92
Extension count: 93
Correction count: 0
Removal count: 0
Click count: 93
Extraction count: 0
Extraction time: 0
Total time spend: 174.4
------------
Completeness: 99.12 %
Correctness: 97.91 %
Quality: 97.06 %
Redundancy: -0.79 %
Mean distance: 1.04 m
RMSE: 1.31 m
------------
Segment 1
Points: [(2, 124), (65, 148), (128, 166), (202, 184), (275, 187), (373, 184), (478, 182), (582, 186), (675, 196), (767, 211), (845, 231), (890, 241)]
Given points: [(2, 124), (65, 148), (128, 166), (202, 184), (275, 187), (373, 184), (478, 182), (582, 186), (675, 196), (767, 211), (845, 231), (890, 241)]
------------
Segment 2
Points: [(419, 2), (392, 61), (373, 116), (367, 180), (374, 244), (390, 298), (405, 353), (422, 414), (437, 485), (465, 549), (472, 566), (505, 600), (520, 655), (527, 690), (516, 702)]
Given points: [(419, 2), (392, 61), (373, 116), (367, 180), (374, 244), (390, 298), (405, 353), (422, 414), (437, 485), (465, 549), (472, 566), (505, 600), (520, 655), (527, 690), (516, 702)]
------------
Segment 3
Points: [(511, 601), (589, 592), (635, 595), (658, 600), (705, 598), (758, 592), (845, 584)]
Given points: [(511, 601), (589, 592), (635, 595), (658, 600), (705, 598), (758, 592), (845, 584)]
------------
Segment 4
Points: [(672, 300), (744, 296), (758, 291), (832, 288), (842, 337), (841, 394), (845, 480), (847, 544), (847, 590), (848, 642), (833, 657), (834, 713), (841, 764), (891, 757)]
Given points: [(672, 300), (744, 296), (758, 291), (832, 288), (842, 337), (841, 394), (845, 480), (847, 544), (847, 590), (848, 642), (833, 657), (834, 713), (841, 764), (891, 757)]
------------
Segment 5
Points: [(841, 764), (774, 780), (705, 792), (665, 804), (632, 820)]
Given points: [(841, 764), (774, 780), (705, 792), (665, 804), (632, 820)]
------------
Segment 6
Points: [(3, 180), (65, 249), (126, 313), (280, 465), (509, 699)]
Given points: [(3, 180), (65, 249), (126, 313), (280, 465), (509, 699)]
------------
Segment 7
Points: [(515, 708), (656, 847), (694, 888)]
Given points: [(515, 708), (656, 847), (694, 888)]
------------
Segment 8
Points: [(472, 566), (420, 602)]
Given points: [(472, 566), (420, 602)]
------------
Segment 9
Points: [(412, 605), (333, 671), (244, 702), (108, 747), (5, 784)]
Given points: [(412, 605), (333, 671), (244, 702), (108, 747), (5, 784)]
------------
Segment 10
Points: [(337, 676), (374, 771), (393, 823), (441, 804)]
Given points: [(337, 676), (374, 771), (393, 823), (441, 804)]
------------
Segment 11
Points: [(393, 823), (326, 860), (293, 880), (261, 891)]
Given points: [(393, 823), (326, 860), (293, 880), (261, 891)]
------------
Segment 12
Points: [(244, 702), (264, 778), (279, 841), (288, 877)]
Given points: [(244, 702), (264, 778), (279, 841), (288, 877)]
------------
Segment 13
Points: [(613, 808), (550, 827), (490, 843), (483, 893)]
Given points: [(613, 808), (550, 827), (490, 843), (483, 893)]
------------
Segment 14
Points: [(607, 308), (499, 322), (403, 332)]
Given points: [(607, 308), (499, 322), (403, 332)]
------------
Segment 15
Points: [(609, 402), (505, 414), (423, 424)]
Given points: [(609, 402), (505, 414), (423, 424)]
------------
Segment 16
Points: [(890, 638), (848, 642)]
Given points: [(890, 638), (848, 642)]
------------
Segment 17
Points: []
Given points: []
------------
