------------
Slagbaan
------------
Mapping style: manual
Real-time: True
------------
Total distance extracted: 4.1 km
Total distance reference: 4.11 km
------------
Segment count: 13
Point count: 78
Given point count: 78
Extension count: 80
Correction count: 0
Removal count: 0
Click count: 80
Extraction count: 0
Extraction time: 0
Total time spend: 189.95
------------
Completeness: 97.9 %
Correctness: 97.7 %
Quality: 95.68 %
Redundancy: -0.46 %
Mean distance: 1.27 m
RMSE: 1.54 m
------------
Segment 1
Points: [(1, 738), (50, 675), (92, 618), (147, 565), (224, 511), (266, 469), (290, 413), (324, 288), (337, 163), (353, 84), (375, 5)]
Given points: [(1, 738), (50, 675), (92, 618), (147, 565), (224, 511), (266, 469), (290, 413), (324, 288), (337, 163), (353, 84), (375, 5)]
------------
Segment 2
Points: [(324, 288), (366, 283), (485, 259), (611, 222), (723, 170), (768, 152), (858, 149), (958, 167)]
Given points: [(324, 288), (366, 283), (485, 259), (611, 222), (723, 170), (768, 152), (858, 149), (958, 167)]
------------
Segment 3
Points: [(958, 2), (959, 100), (958, 167), (966, 268), (975, 388), (1000, 526), (1018, 617)]
Given points: [(958, 2), (959, 100), (958, 167), (966, 268), (975, 388), (1000, 526), (1018, 617)]
------------
Segment 4
Points: [(959, 100), (1019, 125)]
Given points: [(959, 100), (1019, 125)]
------------
Segment 5
Points: [(960, 233), (791, 317), (721, 344), (719, 405), (727, 484), (751, 541), (809, 595), (822, 652), (847, 701), (856, 781), (862, 819), (878, 844), (910, 855), (1021, 799)]
Given points: [(960, 233), (791, 317), (721, 344), (719, 405), (727, 484), (751, 541), (809, 595), (822, 652), (847, 701), (856, 781), (862, 819), (878, 844), (910, 855), (1021, 799)]
------------
Segment 6
Points: [(878, 844), (890, 884), (901, 939), (898, 964), (837, 1019)]
Given points: [(878, 844), (890, 884), (901, 939), (898, 964), (837, 1019)]
------------
Segment 7
Points: [(890, 884), (910, 855)]
Given points: [(890, 884), (910, 855)]
------------
Segment 8
Points: [(751, 541), (701, 556), (634, 566), (529, 559), (468, 553), (390, 532), (333, 522), (296, 499), (266, 469)]
Given points: [(751, 541), (701, 556), (634, 566), (529, 559), (468, 553), (390, 532), (333, 522), (296, 499), (266, 469)]
------------
Segment 9
Points: [(485, 259), (517, 372), (526, 403), (527, 479), (529, 559)]
Given points: [(485, 259), (517, 372), (526, 403), (527, 479), (529, 559)]
------------
Segment 10
Points: [(182, 539), (181, 591), (170, 664), (161, 748), (163, 855), (169, 918), (182, 1005), (188, 1022)]
Given points: [(182, 539), (181, 591), (170, 664), (161, 748), (163, 855), (169, 918), (182, 1005), (188, 1022)]
------------
Segment 11
Points: [(163, 855), (190, 854), (365, 799)]
Given points: [(163, 855), (190, 854), (365, 799)]
------------
Segment 12
Points: [(162, 726), (301, 693), (282, 612), (287, 592)]
Given points: [(162, 726), (301, 693), (282, 612), (287, 592)]
------------
Segment 13
Points: []
Given points: []
------------
